{
  "coref_precision": 0.6559094090951675,
  "coref_recall": 0.4745146671462262,
  "coref_f1": 0.5405386951377112,
  "mention_recall": 0.9777385159010601,
  "loss": 144.3724025835243
}